0900
0800
087
089
088
073
056
052
062
094
092
066
058
0361
078
068
096
034
076
064
032
084
082
086
044
0301
02
042
0601
038
054
046
0749
07444
0751
07433
07437
0745
0747
0746
0748
07442
07524
074404
07523
07525
07445
07448
07423
074388
07528
07547
07424
074204
07529
07532
07415
07545
074323
07427
074346
07438
074324
07428
07414
075215
074207
07548
074402
074343
074328
074341
074347
07435
074401
07527
074405
074409
074406
07430
074344
07447
07549
074403
07531
07413
07522
07446
074348
07521
074201
074202
07520
074407
07541
07425
07434
07436
07431
074325
075214
07426
074345
074327
074408
07533
07544
074337
074322
074386
07439
07526
074203
07546
074205
07422
074496
074321
074495
0558
0590
05915
05968
05515
0559
05952
0554
0556
0596
0550
055502
05571
0995514
05529
05914
05967
05556
05551
05572
05946
05557
05959
055504
05579
0562732
059068
05518
059069
05573
05521
05504
05958
05589
05949
05580
05943
05576
05519
059694
05513
05526
05969
05555
055638
05558
05525
05948
05590
05945
05524
05599
05553
055505
059400
05536
05552
05577
05918
05574
059404
059405
05917
05516
05522
05575
05534
05538
05937
05912
05930
05523
05913
05559
05942
05933
05535
05570
05919
05554
05528
05578
055503
05530
05533
059407
05944
05947
05916
05517
059406
05539
059403
059408
05941
05527
05537
05520
05532
059409
05910
05112
05143
05131
0519
05142
0517
0518
05153
05106
05113
051538
05162
05105
05107
05129
05120
05117
05139
05136
05149
051429
05147
05167
05161
05118
051314
05168
05146
051428
05125
05145
05141
05108
05189
05119
05166
05138
051104
051536
05101
05114
05137
05128
05130
05104
051108
05135
05132
05115
05124
051125
05181
05116
051539
05127
05163
05169
05165
05126
05164
05123
051106
05102
051537
05133
051127
05148
05100
05122
05121
05180
05134
05140
06134
0618
06117
06173
06151
06153
06114
0619
0610
06141
0631
06161
06136
06158
06113
06152
06122
06164
06154
06137
06323
06324
08365
06166
06138
061606
061104
06118
061109
06135
06143
06129
06116
061303
06321
061705
061608
061309
061393
061502
061503
063204
061304
06119
06144
061394
061203
06167
061605
06132
061406
06325
06155
06179
06149
06124
061305
06111
06133
061107
06326
061397
061308
06714
06121
06163
06142
06327
06328
061403
06148
061395
061306
061405
061108
06146
067305
061105
06125
061102
06175
06723
06713
06115
06156
061103
06112
06157
061391
063203
061402
06145
05330
06128
061602
06126
06946
063205
03053
0936
09312
09337
09341
09314
0938
09354
09347
09325
09333
09338
09318
09329
09345
09317
09322
09344
09339
09327
09343
09326
09315
09319
09324
09355
09323
09328
09352
03175
09351
09342
09356
09330
09313
093212
093342
09353
09320
09311
09348
09316
09332
09310
09340
09346
09349
09336
09335
0915
0973
09117
0910
09161
09171
09123
09138
09112
091186
09185
09147
09181
09168
09135
09169
09148
09110
091401
09140
091188
09136
09173
09180
09125
09174
09188
09182
09131
091184
09128
09122
09186
09126
09116
09120
09129
091180
09100
09183
09187
09109
09127
09141
091668
09113
09144
09175
09184
09189
09137
091185
09172
09146
09124
09119
09130
091189
09134
091183
09166
09163
09111
09115
06779
0675
0677
067309
06710
0676
067303
067774
067396
067391
067394
067193
06712
06728
055069
06717
067302
06727
06722
067395
06725
067398
06720
06738
06718
067393
067390
06778
06716
06711
067301
06726
06733
067304
06737
067308
06910
067399
067307
03672
06734
067397
06732
067392
06724
0579
05731
0570
05751
05743
05722
05774
05769
05755
05736
05761
05764
05738
05715
05757
05746
05782
05771
05719
05756
05747
05760
05763
05744
05717
05745
05784
07175
05714
05758
05734
05740
057307
05748
05723
05712
05781
05775
05768
05724
057304
05727
05753
05767
05772
05718
05739
05754
057306
05733
05750
05783
05759
05776
05735
05749
057302
05765
05773
057305
05711
05737
035251
05766
05752
05716
05732
05710
05713
05742
057308
05728
05762
05726
05395
03651
03632
03641
03631
03645
03679
03638
03695
036402
03655
03648
03691
03622
03676
03636
03647
03653
03623
03656
03674
036401
03646
03652
03665
03625
03624
03675
0308
03699
03657
03626
03644
03643
03678
036702
03637
03649
03639
03628
03677
03629
03671
03633
03634
03673
03642
03654
03693
03696
036700
03658
041355
0702
07046
0701
07053
07054
0707
07044
07916
07047
07036
07910
07048
07929
07045
07935
07056
07927
07934
07914
07939
07923
07043
07921
07912
07031
07938
07933
07911
07928
07925
07034
07913
07915
07922
07930
07918
07917
07926
07042
07033
07937
07057
07920
07052
07936
07030
07039
07058
07035
07041
07932
07924
07032
06958
06941
0697
0678
0670
06931
06991
06921
06942
06901
06952
069615
06963
06997
06912
06984
06980
06965
06960
06953
06994
06916
06917
069032
06920
06900
06925
06954
069031
06908
06933
06998
06957
06923
06926
069614
06943
069247
06907
06950
06959
069245
06983
06964
06905
06968
069249
06939
06918
06986
069246
06955
06962
06992
069241
069243
06967
06938
06987
06934
06944
06928
06948
06922
06911
06956
06909
06990
06932
06981
06988
069242
06929
06902
06985
069248
06930
06913
06914
06915
06937
06935
069616
069244
069612
06989
06927
069240
06906
069613
06966
06982
0953
09513
09783
09744
09527
0971
09554
09729
09562
09560
09512
09516
09552
09540
09528
09568
09529
09746
09782
09740
09523
09785
09558
09547
09545
09514
09544
09555
09556
09567
09559
09550
09745
09520
09557
09728
09549
09741
09525
09721
095276
09748
09551
09726
09521
09784
09517
09720
09725
09522
09548
09569
09515
09727
09518
09553
09546
09526
09787
09542
09722
09724
09564
09561
09723
095277
09749
09524
09742
03553
03581
03552
0359
0357
0350
03542
03561
03532
035419
03585
03524
03536
03548
035391
03586
03566
03533
03557
03563
03519
03584
03568
03583
03522
03528
03562
03549
03516
03526
035254
03543
03545
03518
035392
03538
03554
03521
03558
03515
03569
03567
03544
03514
035418
03535
03517
03513
03547
03588
03520
03529
03582
03555
035394
03510
03511
03530
03534
035501
03556
035255
035257
035256
035393
03564
03587
035252
035502
03512
035258
03589
07712
07751
07741
0777
07731
07724
07720
07744
07715
07734
07752
07732
07755
07735
07714
07719
07728
07733
07754
07743
077222
077229
077226
07717
07729
07723
07718
07726
07745
07725
07742
077221
07711
07727
07753
07713
0658
06561
06552
06514
065165
06573
06534
06541
06513
06515
06551
0659
06540
06537
06536
06555
06549
06519
06414
06517
06533
06413
06495
06557
06563
06577
06492
06416
06418
06532
06525
06581
06539
06542
06528
06526
06562
06359
06556
06512
06591
06499
06559
06417
06411
06548
06570
06588
06493
06566
065164
06547
06568
06545
06543
06564
06522
06531
06419
06535
06529
06412
06560
06554
06523
06589
06569
06571
06546
06415
06565
06520
06544
06538
06527
06498
06497
06587
06524
06511
06410
06576
06590
06578
06518
06579
06521
06558
06567
06550
06490
06572
06580
06575
06494
06510
06530
06496
06574
06491
0331
03191
03133
0335
03137
03145
0
03143
03164
03151
03118
03134
0339
0318
0337
03110
03192
03052
03132
03327
031791
031388
03100
031700
03159
031308
031108
03108
03157
03323
03344
03193
03349
03113
03114
03142
03167
031605
03166
031394
03138
031603
031606
03101
031393
03320
03190
031258
031705
03328
03162
03119
03124
03348
031620
031702
031396
031604
03196
03123
031392
03168
031703
03194
03128
03322
031997
031395
03324
03120
03163
031401
03130
03165
03102
03117
031309
03343
03341
03342
03178
03116
031627
031701
03115
03146
03135
03347
03109
03345
03122
03105
03112
03103
031709
03155
031390
031324
03346
03173
03340
03177
03147
031708
031387
031992
03111
03121
03136
03195
03125
031996
031402
03129
031398
03174
03176
031995
03106
03153
031706
031993
031602
03321
031403
03126
03197
03149
03127
03154
03325
031792
031707
03198
031998
03156
03104
08442
08431
0848
08475
08424
08319
08363
083392
08344
08340
08313
08378
08377
083469
08343
08333
083393
08375
08330
08341
08369
08361
08334
08331
08318
083394
08323
08329
083466
08379
08332
08366
08338
08325
08312
08362
08336
084721
08311
08348
0849
08310
083462
08364
08317
083420
08326
08337
084728
083465
08477
08335
08349
083467
08368
08360
08376
08322
08345
08140
0817
08161
08141
08185
08135
08147
081465
08144
08122
08124
081262
08116
08131
08123
081266
081462
08138
08142
08163
08184
08137
08148
08118
08125
08143
08127
081461
08149
08136
08159
08152
081268
08129
08134
08117
08158
081463
08196
08113
081464
081264
08114
08164
08128
081466
08151
08133
08194
08150
08165
08156
08145
08192
08115
08111
08132
08673
08636
0864
0866
08513
08522
085303
08521
08586
08536
08538
08516
08547
08562
08510
08514
0855
08517
08546
08584
08545
08561
08523
08518
08548
08587
08537
08583
08532
08543
08565
08512
08679
08524
08585
08539
08534
085401
08542
08582
08581
08564
08560
085402
08549
08663
08563
08519
08515
08533
085118
08535
08544
085301
04516
0453
0457
0454
04593
04522
04557
04513
04512
04599
04552
04580
04597
04584
04526
04551
04592
04519
04554
04582
04525
04523
04510
04585
04527
04511
04517
04518
04524
04583
04520
04562
04514
04528
04588
04515
04586
04564
04566
04553
04595
04556
04529
04587
03041
03045
03071
03072
0306
03051
03021
03028
03025
03046
03049
03029
03076
03032
03036
03042
03035
03020
03019
030410
030459
030418
03026
03050
03077
03059
03055
030257
03030
03079
03039
03037
03054
030417
030256
030416
03075
03073
03024
03040
030517
030200
03043
03057
03022
030457
03034
030458
03044
030472
03023
03058
030476
030475
030205
030456
03056
03038
030389
02993
0723
02994
0729
07120
07172
0725
0720
0728
0724
07184
07142
0721
02991
07181
07133
0722
0726
0727
07128
07177
07124
07186
071504
07164
07110
071227
07168
07158
07149
071302
07112
07192
07143
07119
07174
07199
07139
07166
07134
07193
071506
07159
07125
071587
07179
07152
07126
07136
071220
071503
07165
07183
07167
07163
07176
07185
07132
07162
07155
07138
07102
07104
07157
07105
071798
071228
07182
07148
071501
071398
071338
071471
07116
07146
07123
071502
07178
07147
07156
07129
07127
071306
071337
07137
07154
07169
07135
07198
07117
071505
071224
07194
07106
071221
04331
0418
0431
04321
04361
0417
0416
04324
041145
04123
041489
041115
04345
04134
041173
04355
04112
04105
04137
04125
04363
04138
04346
041351
041172
04350
041332
04357
04352
041331
041339
04146
04336
04329
041171
04330
04122
04326
041277
041484
041338
04124
04145
04158
041117
04113
041144
041018
04149
041175
04147
04351
04104
04338
04325
04121
04129
041270
041276
041354
04362
04140
04154
041335
04152
04342
041358
04132
04364
04340
041353
041179
04155
04143
04106
041116
041356
04335
041119
04332
041333
04353
04111
041337
04141
04109
04323
043616
04367
04368
041146
04126
04341
04344
04327
04339
04322
041336
06071
0605
06039
0608
06025
06020
060377
060383
06063
06065
06068
060388
06066
06021
060458
06028
06069
06046
06076
06036
060384
060387
060370
06064
06061
06006
060450
06044
06043
060374
06047
060375
06072
06003
06027
060380
06029
060385
03664
06032
06030
06023
060454
06048
06042
06049
060389
060453
060382
06067
060372
06074
060376
06026
06004
06033
060451
06060
06035
060386
060373
06022
06007
06024
06034
06077
06062
06002
060378
06001
0391
03661
03751
03720
03921
0379
03781
0470
0373
03710
03709
03702
03755
03666
03766
03767
03932
03728
03759
03922
03704
03923
03722
03763
047353
03740
037701
03753
03743
037421
03718
03705
03756
03935
037604
03749
03775
03721
037423
03711
037422
03929
03719
03936
03662
03707
03778
037703
03713
03926
04731
03928
03768
03762
03785
03701
03703
03748
03920
03765
03758
03782
047354
047356
03931
03726
04730
037424
03746
03784
03717
03729
037704
03924
03925
03774
03754
03712
03752
03745
03741
03777
03772
037702
03786
03727
03769
04733
03708
037707
04732
037420
03667
03764
04739
037705
03776
037603
04738
03783
03620
03779
04737
03934
04734
03725
03933
03724
03744
03747
03700
03706
03787
037602
03927
037706
037606
03937
0538
05391
05361
05327
053220
05323
05351
05353
05348
05329
05314
05312
05341
05343
05342
05366
053435
05352
05394
05320
05344
05310
05317
05340
05325
05328
05326
053437
05311
05363
05345
05367
05365
05332
05319
0537
05347
053221
053234
05393
05336
05346
05362
05396
053222
05337
05379
05392
05313
05397
05335
05318
05364
05334
05321
05354
05324
05316
05349
05338
05368
05333
05315
053436
053434
04741
0478
04761
04751
04772
04711
04757
04710
047202
04792
04793
04723
04716
04770
04748
04762
04724
04749
04799
04744
04722
04797
04726
04714
04774
04771
04742
047192
04768
04743
04745
047201
04763
04712
04715
04754
04775
04729
04725
04764
04728
04727
04798
047193
04794
04773
04747
04778
04756
04746
04753
04752
04718
04755
04795
04713
04777
047203
04779
04717